122222222222222222222222
21111111111122222222222222222222222
21111111111122222222222222222222222
21111111111122222222222222222222222
21111111111122222222222222222222222
21111111111122222222222222222222222
21111111111122222222222222222222222
21111111111122222222222222222222222
21111111111122222222222222222222222
21111111111122222222222222222222222
21111111111122222222222222222222222
21111111111122222222222222222222222
21111111111122222222222222222222222
21111111111122222222222222222222222
21111111111122222222222222222222222
21111111111122222222222222222222222
21111111111122222222222222222222222
21111111111122222222222222222222222
21111111111122222222222222222222222
21111111111122222222222222222222222
21111111111122222222222222222222222
21111111111122222222222222222222222
21111111111122222222222222222222222
21111111111122222222222222222222222
21111111111122222222222222222222222
21111111111122222222222222222222222
21111111111122222222222222222222222
21111111111122222222222222222222222
21111111111122222222222222222222222
21111111111122222222222222222222222
21111111111122222222222222222222222
21111111111122222222222222222222222
21111111111122222222222222222222222
21111111111122222222222222222222222
21111111111122222222222222222222222
21111111111122222222222222222222222
21111111111122222222222222222222222
21111111111122222222222222222222222
21111111111122222222222222222222222
21111111111122222222222222222222222
21111111111122222222222222222222222
21111111111122222222222222222222222
21111111111122222222222222222222222
21111111111122222222222222222222222
21111111111122222222222222222222222
21111111111122222222222222222222222
21111111111122222222222222222222222
21111111111122222222222222222222222
21111111111122222222222222222222222
21111111111122222222222222222222222
21111111111122222222222222222222222
21111111111122222222222222222222222
21111111111122222222222222222222222
21111111111122222222222222222222222
21111111111122222222222222222222222
21111111111122222222222222222222222
21111111111122222222222222222222222
21111111111122222222222222222222222
21111111111122222222222222222222222
21111111111122222222222222222222222
21111111111122222222222222222222222
21111111111122222222222222222222222
21111111111122222222222222222222222
21111111111122222222222222222222222
21111111111122222222222222222222222
21111111111122222222222222222222222
21111111111122222222222222222222222
21111111111122222222222222222222222
21111111111122222222222222222222222
21111111111122222222222222222222222
21111111111122222222222222222222222
21111111111122222222222222222222222
21111111111122222222222222222222222
21111111111122222222222222222222222
21111111111122222222222222222222222
21111111111122222222222222222222222
21111111111122222222222222222222222
21111111111122222222222222222222222
21111111111122222222222222222222222
21111111111122222222222222222222222
21111111111122222222222222222222222
21111111111122222222222222222222222
21111111111122222222222222222222222
21111111111122222222222222222222222
21111111111122222222222222222222222
21111111111122222222222222222222222
21111111111122222222222222222222222
21111111111122222222222222222222222
21111111111122222222222222222222222
21111111111122222222222222222222222
21111111111122222222222222222222222
21111111111122222222222222222222222
21111111111122222222222222222222222
21111111111122222222222222222222222
21111111111122222222222222222222222
21111111111122222222222222222222222
21111111111122222222222222222222222
21111111111122222222222222222222222
21111111111122222222222222222222222
21111111111122222222222222222222222
21111111111122222222222222222222222
21111111111122222222222222222222222
21111111111122222222222222222222222
21111111111122222222222222222222222
21111111111122222222222222222222222
21111111111122222222222222222222222
21111111111122222222222222222222222
21111111111122222222222222222222222
21111111111122222222222222222222222
21111111111122222222222222222222222
21111111111122222222222222222222222
21111111111122222222222222222222222
21111111111
